0 0.2078125 0.1375 0.190625 0.24375
0 0.2 0.9359375 0.125 0.128125
0 0.59375 0.40625 0.1375 0.45
0 0.9421875 0.2515625 0.059375 0.359375
0 0.7421875 0.465625 0.071875 0.2
0 0.8046875 0.3203125 0.046875 0.146875
0 0.5875 0.8171875 0.05625 0.128125
0 0.45 0.4546875 0.05 0.103125
0 0.4203125 0.10625 0.059375 0.1625
1 0.3359375 0.16875 0.053125 0.31875
1 0.4609375 0.29375 0.115625 0.19375
1 0.5203125 0.0921875 0.103125 0.178125
1 0.6796875 0.0875 0.134375 0.1625
1 0.6734375 0.2578125 0.109375 0.159375
1 0.809375 0.11875 0.06875 0.21875
