0 0.096875 0.69375 0.16875 0.1625
0 0.525 0.453125 0.36875 0.09375
0 0.4375 0.5609375 0.06875 0.109375
0 0.7375 0.765625 0.15625 0.18125
0 0.2578125 0.24375 0.109375 0.13125
1 0.4984375 0.0890625 0.971875 0.171875
1 0.7890625 0.2890625 0.421875 0.203125
0 0.853125 0.59375 0.1 0.06875
0 0.9671875 0.7171875 0.065625 0.103125
0 0.553125 0.5703125 0.125 0.128125
0 0.6 0.715625 0.1 0.0875
0 0.415625 0.759375 0.09375 0.05625
1 0.1109375 0.3875 0.165625 0.40625
1 0.278125 0.4859375 0.125 0.303125
1 0.45625 0.2890625 0.20625 0.203125
1 0.8640625 0.4765625 0.271875 0.140625
